target	index	number	error	R2	MSE	RMSE	MSLE	RMSLE	MAE	Explained Variance	Max Error	Mean Poisson Distrib	Mean Gamma Distrib	Pearson r	Spearman r	Kendall tau
Q9IP65_WT		4.0	Number of points 4 < 30													
P30939_WT	Fold 1	5.0		-4.186732670043892	1.8922105346497784	1.3755764372254196	0.030165549332430475	0.17368232302808043	1.0663892799377443	-1.0695952427154718	2.0371871643066406	0.2615893811009446	0.03636921226389509	0.015795515250617006	0.15389675281277312	0.10540925533894598
P30939_WT	Fold 2	4.0		-0.6947448957574665	1.8488289832486162	1.3597165084121823	0.029622876497121843	0.1721129759696283	1.2229668331146242	-0.43152417073602956	2.1218741989135745	0.25753901612752195	0.03605711875065465	-0.2422697983115002	-0.39999999999999997	-0.3333333333333334
P30939_WT	Fold 3	4.0		-147.4760391305495	1.3778112443692707	1.1738020465007166	0.021500989786994874	0.14663215809294655	1.0526999950408935	-50.19723256480128	1.6175412368774413	0.20327470600355424	0.030090039118490175	-0.6673839652504016	-0.19999999999999998	0.0
P30939_WT	Fold 4	4.0		0.5520975681882	0.9888230011501158	0.9943957970295911	0.017549844593332625	0.13247582644895115	0.7420878171920777	0.6137743178459546	1.8815069198608398	0.14514789722202348	0.021467292223837364	0.8315800864361249	0.6000000000000001	0.3333333333333334
P30939_WT	Fold 5	4.0		0.8046044001806449	0.19924855680329293	0.44637266583348595	0.003687266359440059	0.06072286521105587	0.379579744338989	0.8616509088530382	0.5996473312377928	0.03090044934644709	0.0048098522003289235	0.9506117428281491	1.0	1.0
P30939_WT	Mean	4.2		-30.200162945596407	1.2613844640442147	1.0699726910002791	0.020505305313863974	0.13712522975013247	0.8927447339248656	-10.044585350310758	1.651551370239258	0.17969028996009828	0.02575870291144124	0.17766671619059787	0.23077935056255466	0.22108185106778916
P30939_WT	SD	0.3651483716701107		53.553550316200145	0.5714032764725324	0.31163935427273953	0.008841408152298499	0.037660508491846864	0.27411085403783547	18.338225519214877	0.5050506377382437	0.07816190839277694	0.010760044165495768	0.568874081863964	0.4685773979639407	0.4059859211383922
P30939_WT	Test set	10.0		0.1019346243349325	0.7071167487279884	0.8409023419684288	0.010911015708636309	0.10445580744332174	0.6422576831817627	0.1284167441224151	1.7178677368164061	0.09859375980503646	0.01385175712888893	0.4254922281627065	0.33333333333333326	0.3333333333333333
P28566_WT	Fold 1	6.0		-0.2697396859543624	0.14979559957039024	0.3870343648442477	0.0031816139987773362	0.05640579756352476	0.3060157038370767	-0.18608493697524264	0.6291500473022458	0.02571146193658347	0.004429888369268904	0.599924090537513	0.4285714285714286	0.3333333333333333
P28566_WT	Fold 2	6.0		0.44431339051599283	0.06681977121653666	0.258495205403382	0.0015456588176780285	0.0393148676416191	0.20667766253153497	0.4534125355686496	0.40753202438354474	0.011957732862992584	0.0021448403055737883	0.684880339405536	0.48571428571428577	0.3333333333333333
P28566_WT	Fold 3	6.0		-0.8105562162739481	0.17836493391709876	0.4223327289201001	0.004487537301655602	0.06698908345137737	0.39444003105163566	-0.543836317184325	0.6295105361938473	0.03331997049305654	0.006244624307556457	0.3639784562477152	0.7142857142857143	0.4666666666666666
P28566_WT	Fold 4	6.0		0.5284790263058203	0.1746262208710604	0.4178830229514719	0.0034652452070298378	0.05886633339209975	0.37747680091857916	0.5987734580368064	0.6220530700683593	0.0288538485819186	0.004795047354125688	0.7874687253800722	0.7714285714285715	0.6
P28566_WT	Fold 5	6.0		0.2162766728222948	0.22248435777336603	0.4716824755843342	0.005082215067195129	0.07128965610237666	0.3961562697092691	0.46492471470456465	0.7819299697875977	0.03883566248194962	0.006850967398499923	0.751344450638233	0.7714285714285715	0.6
P28566_WT	Mean	6.0		0.02175463748315949	0.15841817666969044	0.39148555954070713	0.0035524540784671863	0.05857314763019952	0.3361532936096191	0.15743789083009058	0.6140351295471189	0.02773573527130016	0.004893073547004952	0.6375192124418139	0.6342857142857142	0.4666666666666667
P28566_WT	SD	0.0		0.45659512081329157	0.046956834965961536	0.06555680323702635	0.0011095723115694851	0.010068120279626766	0.06630428156000387	0.40552839360432374	0.1090599576237784	0.008253133616988635	0.0014964944250225357	0.13779335743448404	0.13441736201430363	0.10886621079036346
P28566_WT	Test set	14.0		0.4629664485760606	0.379825330664299	0.6162997084733198	0.007652840461551807	0.08748051475358273	0.47666700799124584	0.48516887984087775	1.6168926620483397	0.0627555762174344	0.010536475003357129	0.7493427030317207	0.7040708330888924	0.5524946201098299
P47898_WT	Fold 1	29.0		0.6058332804288277	0.5224952953743268	0.7228383604750974	0.010148986347807438	0.10074217760107947	0.4849566082132272	0.6078173722057291	2.494642734527588	0.0852116541170895	0.01434435933680666	0.7838738991582307	0.8439249492855088	0.6633932173155043
P47898_WT	Fold 2	29.0		0.5899529601868625	0.4365721519980122	0.6607360683344086	0.010178105931484464	0.10088659936525002	0.4990157811395053	0.598310765789114	1.668485282897949	0.07610408805263827	0.013466258499493918	0.7739213171169863	0.7925087211904428	0.6056901966829523
P47898_WT	Fold 3	29.0		0.5938905151283362	0.5811512460591917	0.7623327659619463	0.010451951331524338	0.10223478533025997	0.5457361034524851	0.5971009478964531	1.7949693679809569	0.08925667352618213	0.01386314816435378	0.7792614512644664	0.6957140791712301	0.5341423113131509
P47898_WT	Fold 4	28.0		0.6313321749460481	0.5530185044431347	0.7436521394060093	0.009319866478800079	0.0965394555547113	0.5169168242045811	0.6391395125334893	2.0211439895629884	0.08237184140382528	0.012351988984945985	0.8010934546427726	0.6846503042400328	0.5212839702305554
P47898_WT	Fold 5	28.0		0.5293890037286868	0.419529058720029	0.64771062884596	0.0090930264107064	0.09535736159681853	0.4812563082831246	0.5386388540693322	1.4561226844787596	0.07165147310090093	0.01232507177979536	0.754970003820647	0.6690428322721408	0.49401356431918186
P47898_WT	Mean	28.6		0.5900795868837523	0.5025532513189389	0.7074539926046844	0.009838387300064543	0.09915207588962385	0.5055763250585847	0.5962014904988235	1.8870728118896483	0.08091914604012722	0.013270165353079141	0.7786240252006207	0.737168177231871	0.5637046519722689
P47898_WT	SD	0.4472135954999579		0.03068072406321074	0.058264617186711	0.04145378618242786	0.00048524358748353556	0.002458513582569726	0.021606678739003692	0.029713402202408173	0.32380494542831073	0.005760857273047791	0.0007393942967586054	0.013628835477139606	0.06268601125242286	0.05661402939759875
P47898_WT	Test set	62.0		0.6413179638271627	0.6163948708960324	0.7851081905674099	0.011571212958030486	0.10756957264036371	0.5254833916694888	0.6418393484543601	2.8896085357666017	0.09513269181025916	0.014987501389907417	0.8012938138630809	0.7929006101491708	0.6469350318859712
P21918_WT	Fold 1	30.0		0.7073942257075809	0.5260452825245966	0.7252897921000934	0.007880519377781746	0.08877228947020431	0.5473118906656901	0.7089254005337602	1.780174980163574	0.07270128504296854	0.01030026193924125	0.8430372184177789	0.8265658077624337	0.6720372688986133
P21918_WT	Fold 2	30.0		0.5174058560045636	0.4328661210817303	0.6579256197183161	0.007939541932395228	0.08910410727006488	0.47962424786885566	0.5516810913415883	1.689817199707031	0.06571051109597417	0.010108309342959995	0.7728679691126734	0.7134593993325918	0.5218390804597701
P21918_WT	Fold 3	30.0		0.36004766038997704	0.8665736735631623	0.9308993896029594	0.012796720612033314	0.11312259107726146	0.6456168965657553	0.38988349600799155	2.5634286575317384	0.11636401306413416	0.015850388940904677	0.6563686904009325	0.7168761864362211	0.5661683840721193
P21918_WT	Fold 4	30.0		0.5207798627333213	0.7233752729154297	0.8505147105814395	0.013175541971798214	0.11478476367444511	0.6364554373423259	0.5316525474565805	2.507815536499024	0.1088158731566916	0.016822860117314833	0.7597673437126722	0.7388209121245829	0.5724137931034483
P21918_WT	Fold 5	29.0		0.6656743884670476	0.45252732196530254	0.6727015103040148	0.00776951714204357	0.0881448645245063	0.507869783072636	0.6764254508204044	1.8830859603881835	0.06709569356608464	0.010206460491427096	0.8419172213740639	0.7980295566502461	0.6305418719211822
P21918_WT	Mean	29.8		0.554260398660498	0.6002775344100442	0.7674662044613646	0.009912368207210413	0.09878572320329641	0.5633756511030525	0.5717135972320649	2.0848644668579097	0.08613747518517062	0.01265765616636957	0.7747916886036241	0.7587503724612151	0.5926000796910266
P21918_WT	SD	0.3651483716701107		0.11259132398308405	0.1535327439359606	0.09692419469062402	0.002294197596722372	0.011319198234714603	0.061179409582160414	0.10397117065139702	0.34096037994769224	0.019951335967677265	0.002757030513902708	0.06247229736548155	0.04152045814445466	0.04806781032827565
P21918_WT	Test set	64.0		0.6070235674252482	0.5121930447441002	0.7156766342029759	0.008636614925411755	0.09293338972302558	0.5160658687353135	0.6216130045615802	1.9117742576599124	0.0744401150989617	0.01101028633384906	0.7971221528927194	0.7685421560253062	0.5964739673539112
P35367_WT	Fold 1	114.0		0.5537916379712017	0.5364946600205027	0.7324579578518502	0.00911203114077037	0.09545695962458876	0.4953843962016858	0.5898521948291299	3.4252063751220705	0.07688217463836958	0.011196117358008456	0.7705070528545517	0.7395833770781128	0.5858298389275388
P35367_WT	Fold 2	114.0		0.4779173858819076	0.6695948263966968	0.8182877405880505	0.010560465530059453	0.10276412569598134	0.6059692080982945	0.4894891170374488	2.6223088226318367	0.09451539101035367	0.013590960404996473	0.7197261334924796	0.7034833976339031	0.5300651410524997
P35367_WT	Fold 3	114.0		0.6705685110831157	0.4811018101915053	0.6936150302520161	0.0076701381633726235	0.0875793249766897	0.5156826688866867	0.6726168145152532	2.1274310302734367	0.06930085627254937	0.010155714550146256	0.8204974411273089	0.8077240220951771	0.6298522567696087
P35367_WT	Fold 4	114.0		0.5505604238667627	0.5914847988582711	0.7690804891936026	0.009196485601199208	0.09589830864618629	0.5704879795208312	0.5523942401282311	3.349838829040527	0.08256844262325705	0.011811783275939099	0.7471760899416241	0.7832375761361701	0.578965120300308
P35367_WT	Fold 5	113.0		0.6437018346293936	0.4994450989123222	0.7067142979396428	0.00874105358770578	0.09349360185438242	0.530597592851757	0.6450638746124344	3.4380272865295414	0.07351988403474198	0.01103918552686952	0.8031600105391316	0.7924682899687486	0.6162256235918802
P35367_WT	Mean	113.8		0.5793079586864762	0.5556242388758595	0.7440311031650324	0.009056034804621487	0.09503846415956571	0.5436243691118511	0.5898832482244994	2.9925624687194827	0.07935734971585433	0.01155875222319196	0.7722133455910192	0.7652993325824223	0.588187596128367
P35367_WT	SD	0.3651483716701107		0.06355130646098149	0.06238443116854511	0.041250822202759746	0.0008471615834457437	0.004446453156958569	0.036253880275146644	0.059685499060924324	0.4828399009207595	0.007973005405359189	0.0010459336433068706	0.03335099446893363	0.03498167922538506	0.031598807450751346
P35367_WT	Test set	244.0		0.49707592657926725	0.7236106021920331	0.8506530445440333	0.012005226687628092	0.10956836535984323	0.5792383241809782	0.4971212243956281	3.7058761520385737	0.10599543678102277	0.01587723245061373	0.7131408477030927	0.7346650824184641	0.5721301104441213
P28221_WT	Fold 1	76.0		0.743218604706247	0.5731854766176714	0.7570901377099503	0.007914849291573845	0.08896543874771734	0.5971164646650616	0.7432820217059557	2.2757877883911135	0.07578669926460377	0.010275709198334601	0.862170983796192	0.8325367864183564	0.645854025376853
P28221_WT	Fold 2	76.0		0.6664775893398988	0.7054928410676837	0.8399362124993086	0.010353794370153744	0.10175359634997548	0.6574700739007248	0.694492101719753	3.088774108886719	0.09378744503405609	0.012766837358401882	0.8336154497809093	0.8247366400138073	0.6319345323435362
P28221_WT	Fold 3	76.0		0.6533117278776841	0.6182458000993877	0.7862860803164378	0.00799388031217341	0.08940850246018782	0.556109951922768	0.6561255772400023	2.311028232574463	0.07809957562992477	0.01000433737916113	0.8269653016161136	0.8050051715621468	0.6309192115336568
P28221_WT	Fold 4	75.0		0.6348124980459549	0.7464888186172234	0.8639958440971943	0.010391802880896243	0.10194019266656427	0.6557191362508138	0.6384240655130878	2.352632137298585	0.0991954533964616	0.013410493318661867	0.7990904998899098	0.793237642683533	0.6045625674408105
P28221_WT	Fold 5	75.0		0.6940159569940537	0.6967532737903962	0.8347174814213466	0.01012822134415822	0.10063906470232233	0.6235705146789551	0.7179075228136489	2.373975696563721	0.09270187051523181	0.012616738821478067	0.847295053080277	0.826888611131602	0.6283468074448967
P28221_WT	Mean	75.6		0.6783672753927676	0.6680332420384725	0.8164051512088475	0.009356509639791094	0.09654135898535346	0.6179972282836645	0.6900462577984895	2.4804395927429206	0.0879142087680556	0.01181482321520751	0.8338274576326803	0.8164809703618892	0.6283234288279507
P28221_WT	SD	0.447213595499958		0.03444014100588297	0.05753003166422747	0.035541889817172906	0.001048577697586547	0.0054981546186128084	0.034828510035362865	0.03522670738973148	0.2793810899014993	0.008446760720339161	0.0012742509935212692	0.01931545999223479	0.013578233419016044	0.012190700364311333
P28221_WT	Test set	162.0		0.7236691391527381	0.5343986814908936	0.7310257734792213	0.0077850226656763855	0.08823277546170916	0.5367951017544593	0.7301713096200413	3.0337811660766603	0.07114968805398623	0.009717254873396112	0.8579706867039537	0.8539944123296199	0.6699328482479503
Q96RJ0_WT	Fold 1	29.0		0.5209177422942955	0.5115293403360307	0.7152127937446524	0.008777663097023398	0.09368918345798194	0.5869699157188678	0.5288619721717849	1.792920780181884	0.077378057029003	0.011947808803985395	0.7474592091327266	0.8275862068965516	0.6453201970443349
Q96RJ0_WT	Fold 2	29.0		0.5264350777748407	0.3918563120931356	0.6259842746372593	0.007670252268648938	0.08757997641384095	0.4840062789916993	0.5383285405323395	1.8706533393859868	0.06489989451839762	0.01092213224321339	0.7634587440260104	0.7349100986766368	0.5530881057428707
Q96RJ0_WT	Fold 3	28.0		0.4164618827369567	0.5134423485639367	0.7165489156812231	0.009163286247315341	0.09572505548348009	0.5929118349892751	0.46595164890797636	1.8678187599182126	0.07861137073970527	0.012145864660903267	0.6832339688871822	0.6585466053185605	0.49536467292214387
Q96RJ0_WT	Fold 4	28.0		0.3536607904901474	0.5142950142357835	0.7171436496517162	0.009501817884770862	0.097477268554114	0.5697987726756504	0.36531486413638536	1.8274095535278327	0.08025929026420402	0.012750881467990114	0.6404892487766035	0.6907498631636563	0.5026455026455026
Q96RJ0_WT	Fold 5	28.0		0.47106534608891437	0.8190642791826166	0.9050217009456826	0.01745779592705004	0.1321279528602863	0.7333736877441405	0.4992350567787843	2.1384894943237303	0.1352009732337201	0.02263291601859983	0.7069404383632918	0.6161215330723524	0.4529805297844204
Q96RJ0_WT	Mean	28.4		0.457708167877031	0.5500374588823006	0.7359822669321067	0.010514163084961715	0.10131988735394067	0.5934120980239267	0.4795384165054541	1.899458385467529	0.08726991715700601	0.014079920638938401	0.7083163218371629	0.7055828614255516	0.5298798016278545
Q96RJ0_WT	SD	0.4472135954999579		0.059755565195277346	0.13006171924829255	0.08350429950895645	0.0032188768491462224	0.014388754623735732	0.07320999583968589	0.05702144280046531	0.11218137331241786	0.02243424562940762	0.003940773528922131	0.04042355269618988	0.0660563643762108	0.0601548133769453
Q96RJ0_WT	Test set	61.0		0.1575518224546485	0.8245042926335083	0.9080221873024404	0.015406740829726113	0.12412389306546147	0.6722676832480509	0.2149396752963616	2.731383277893066	0.1337822381635968	0.022065708248746638	0.5490999427968137	0.5557215579171463	0.41313283410264345
P28222_WT	Fold 1	74.0		0.572260261565799	0.7330804203948772	0.8562011565017167	0.011084197359904553	0.10528151480627809	0.6308016407425339	0.573039544553367	3.0430557250976555	0.10187072745634909	0.014415552429838337	0.7570657588686677	0.767249315339349	0.5859878815287408
P28222_WT	Fold 2	73.0		0.516692304636398	0.6507052938492106	0.8066630609177605	0.010031873220681442	0.10015923931760586	0.6510511329337342	0.5176834669796985	1.8581739158630377	0.09128349040931337	0.012977231328077486	0.7244211299127361	0.7434148919160231	0.5557542054770513
P28222_WT	Fold 3	73.0		0.32103772829326704	1.0335786648122702	1.0166507093452846	0.014276620252421645	0.11948481180644528	0.8024166601520695	0.3460350933497284	3.334721088409424	0.1364918389401956	0.01829848640564412	0.6048523479370718	0.6358348580631862	0.4604838185967222
P28222_WT	Fold 4	73.0		0.563472310375632	0.5576309159351674	0.7467468888017997	0.007963547653081928	0.08923871162831705	0.5788916160897033	0.568644625653115	2.2620970726013176	0.07470313713626482	0.01018468543923567	0.7584138057610496	0.7531884634507017	0.5659142593819494
P28222_WT	Fold 5	73.0		0.5428329424707209	0.6609802168297199	0.8130068983899951	0.00894328244972	0.0945689296213085	0.6668377988632411	0.5476439708497588	1.9005958557128908	0.08615401936410051	0.011414240087687943	0.7455284094064543	0.73431775538183	0.5398316357530778
P28222_WT	Mean	73.2		0.5032591094683634	0.727195102364249	0.8478537427913114	0.010459904187161913	0.10174664143599095	0.6659997697562564	0.5106093402771334	2.479728731536865	0.09810064266124466	0.013458039138096711	0.7180562903771959	0.726801056830218	0.5415943601475083
P28222_WT	SD	0.3651483716701107		0.08498819457484794	0.14882463925654052	0.08336232761772536	0.0019862951877107024	0.009465954066099305	0.06789755854982513	0.07721389624135148	0.5503692771983859	0.019255891431423245	0.002564822820399218	0.052853301332087994	0.04269997352862862	0.03946469014006575
P28222_WT	Test set	157.0		0.5442525462600589	0.6272156819200179	0.791969495574178	0.00935084404133342	0.09669976236441029	0.5885569928649124	0.5443593061827978	2.3753788566589353	0.08647578427298187	0.012084913247506152	0.743716478699937	0.7622620835283204	0.5679528275523295
P25100_WT	Fold 1	84.0		0.5142953048864518	0.5814694689060366	0.7625414538935156	0.00794774326642282	0.0891501164689246	0.5712795376096453	0.5175288558502723	2.3740180969238285	0.07613770428584661	0.010108097659715183	0.7246005558845057	0.7455476921278358	0.5560975838692818
P25100_WT	Fold 2	84.0		0.656341606541169	0.5072337593327519	0.7122034536091157	0.007915049443849196	0.08896656362841714	0.5112312211082096	0.6611180634629885	2.696505222320557	0.06982857666190499	0.009909268745875563	0.8131886739653152	0.8409792748419667	0.6511630322411897
P25100_WT	Fold 3	83.0		0.5157360720673279	0.6990069141733365	0.8360663335964058	0.010438167915523384	0.10216735249346233	0.6378802989362234	0.5266512192090311	2.8520409202575685	0.09583932166041187	0.013397080527772824	0.727232320694702	0.7316082519196542	0.544197964553928
P25100_WT	Fold 4	83.0		0.41064038064736463	0.6546669249306232	0.8091149021805389	0.009588900849829506	0.09792293321704322	0.589977835965444	0.4679898934873207	3.3007526588439937	0.08933475119705013	0.012340699849455551	0.6880146246003185	0.7143921664864504	0.5332353863729122
P25100_WT	Fold 5	83.0		0.5809587696315537	0.5788235232943685	0.7608045237078763	0.008872505672048212	0.09419397895857363	0.6079640405034443	0.582523631180088	2.522027160644531	0.08079462670769545	0.011450733763744734	0.7730522196374054	0.7721016149548764	0.5757978324211747
P25100_WT	Mean	83.4		0.5355944267547734	0.6042401181274233	0.7761461333974904	0.008952473429534624	0.09448018895328417	0.5836665868245932	0.5511623326379401	2.7490688117980957	0.08238699610258181	0.01144117610931277	0.7452176789564493	0.7609258000661567	0.5720983598916972
P25100_WT	SD	0.447213595499958		0.07427350976052036	0.060688202975875766	0.039129035889266785	0.0008854804755969236	0.004651820869862048	0.038664466668670315	0.06017121939949801	0.2915282156833052	0.008451228225481115	0.0012082104345494415	0.039613857256967984	0.04040388089718545	0.03831817696336395
P25100_WT	Test set	179.0		0.5612799041655054	0.6908422577064586	0.8311692112358702	0.010616112464797624	0.10303452074328111	0.6146746324294107	0.5645305707038981	3.0169479751586916	0.09614655887889446	0.013663683346023714	0.7527189083646593	0.7568588167864605	0.5671576799844457
P08173_WT	Fold 1	82.0		0.5342227869509915	0.5872026104234604	0.7662914657122709	0.010355649219677365	0.10176271035933233	0.5507388046543773	0.5370840364034437	2.2719767608642574	0.08799299997460033	0.013515367502563831	0.7329223315040538	0.669347729078462	0.5137089484784574
P08173_WT	Fold 2	82.0		0.43684451463377916	0.6049783140038404	0.7778035188939687	0.012279107075289739	0.11081113245197767	0.5789004719897013	0.4379586084789896	3.17313138961792	0.09829639976004957	0.016294254170409098	0.6687804939457431	0.6550643247794221	0.493972474365498
P08173_WT	Fold 3	81.0		0.29448236967102637	0.6766124530086531	0.8225645585658631	0.012554190204286341	0.11204548274824086	0.6434809180365667	0.30611120061885255	2.099151611328125	0.10544809475436341	0.016762837731752543	0.6120800235479431	0.5623817836147672	0.3955502317844622
P08173_WT	Fold 4	81.0		0.40768877106500767	0.6802092719081919	0.8247480050950059	0.011855938991258752	0.10888498055865534	0.6270967818366158	0.4077550330638824	2.172700881958008	0.10262038118028848	0.015716329902315095	0.6585476999482308	0.5697153796740414	0.41025648856332203
P08173_WT	Fold 5	81.0		0.39747014636336864	0.726609654197288	0.8524140157208162	0.011347857248261605	0.10652632185643887	0.5684670715802982	0.4037085775770648	3.6640830459594724	0.10712824163471577	0.016181687239399865	0.6484289370967998	0.6780285924663967	0.5150627212477907
P08173_WT	Mean	81.4		0.4141417177368346	0.6551224607082868	0.8087643127975849	0.01167854854775476	0.10800612559492902	0.5937368096195119	0.4185234912284466	2.6762087379455566	0.10029722346080353	0.015694095309288086	0.6641518972085542	0.6269075619226179	0.4657101728879061
P08173_WT	SD	0.447213595499958		0.07020543849173806	0.04713301781414958	0.029193992723060124	0.0007092608350579957	0.0033198119584272167	0.032390505487337906	0.06758487391491602	0.5734030504940463	0.006244845304257932	0.0010398314084013776	0.03591864666409873	0.04590180211283747	0.047497092215254756
P08173_WT	Test set	175.0		0.3277646149346063	0.5809609151620623	0.7622079212144559	0.010847835591658113	0.10415294326930043	0.5776865661839077	0.3280796096547569	2.6552757530212396	0.09176316943632266	0.014710290296320606	0.5905622393453056	0.572314489188113	0.41350533660623195
P13945_WT	Fold 1	127.0		0.7071225734959612	0.4178118857296677	0.6463836985333616	0.006015310154248246	0.07755843058138971	0.48206705279613116	0.7144976594272001	2.5749430847167964	0.056925850111250675	0.00788419229399453	0.8464896473862205	0.8314931618418674	0.6506889770959282
P13945_WT	Fold 2	126.0		0.732041992815982	0.4278584095109943	0.6541088667117992	0.005766430348439028	0.07593701566718979	0.5129712879241459	0.7328426461029434	2.0506335067749024	0.055642421261084374	0.007393784965652514	0.8562602937768569	0.8540034648609993	0.6659467227431588
P13945_WT	Fold 3	126.0		0.6140922693204625	0.5170130462196477	0.7190361925658872	0.007707679299484845	0.08779338983935434	0.5564960381644113	0.6203071410132859	1.8612823867797852	0.07065982871127317	0.009839230030190153	0.7981940959767507	0.7956720567492742	0.6009659899204635
P13945_WT	Fold 4	126.0		0.6477931617710069	0.614865609537434	0.7841336681570521	0.00992063849565111	0.0996024020576367	0.5530674839928037	0.6514532333744951	2.583939533233643	0.0870375176096934	0.01255341386455792	0.8072140360974328	0.8218095319898634	0.6395121963441938
P13945_WT	Fold 5	126.0		0.7323333728867992	0.4469576963108067	0.6685489483282482	0.00681431290448415	0.08254885162426034	0.5014221739996048	0.7438766086137403	2.6309033966064455	0.0613609775286674	0.008579773873340142	0.862594934248299	0.8577933631173447	0.6759456519089279
P13945_WT	Mean	126.2		0.6866766740580423	0.48490132946171005	0.6944422748592697	0.007244874240461477	0.08468801795396617	0.5212048073754193	0.6925954577063329	2.3403403816223145	0.0663253190443938	0.009250079005547052	0.8341506014971121	0.8321543157118697	0.6466119076025343
P13945_WT	SD	0.3651483716701107		0.04347605554911735	0.06722658690604014	0.04700404548185725	0.0013697268657175533	0.007789622128735274	0.026619567962844204	0.044059774560112515	0.29218500885513843	0.01060583291888002	0.0016842358881800096	0.024043777630902586	0.02070890695695087	0.023751778277984286
P13945_WT	Test set	271.0		0.6337642626937616	0.5392458763127406	0.7343336273879473	0.00787842547898974	0.08876049503574064	0.5242028507500117	0.6345065907964308	3.0831069564819336	0.07248135012810684	0.009938247597008596	0.8006340654472937	0.7994314106307007	0.6200267004123244
P08588_WT	Fold 1	111.0		0.5979689747169668	0.3787937748094157	0.6154622448285644	0.005910058186346394	0.07687690281447604	0.4413231947271674	0.6132574473598688	2.5405429916381834	0.05491451460401496	0.008064220797976078	0.7846722324618347	0.7607489032020046	0.5736328145928219
P08588_WT	Fold 2	111.0		0.5083376893952261	0.6072766039007257	0.7792795415643385	0.00985380517425667	0.09926633454629354	0.5710489847681542	0.5098264205071683	2.6089898490905767	0.08897079109520122	0.01325198481236194	0.7153628240927002	0.7022601333958889	0.5277762820291896
P08588_WT	Fold 3	110.0		0.47722290277570356	0.5863894613998557	0.7657607076625541	0.010613322651678164	0.1030209816089818	0.5806602740894665	0.4987622541537331	2.169181537628174	0.08999253535369407	0.014129982593728864	0.7165345903199243	0.7078461474746006	0.5349363637782266
P08588_WT	Fold 4	110.0		0.5483146062619539	0.596890926909039	0.7725871646028292	0.009981166045302515	0.09990578584497754	0.5815223450053822	0.5493280778781195	2.3471390151977545	0.08809509128116076	0.013345877376935307	0.7460948677164421	0.7213220445544624	0.5371516315113514
P08588_WT	Fold 5	110.0		0.4656303593542458	0.5493543539091336	0.7411844263805963	0.010020647048377738	0.10010318200925353	0.5426834179271351	0.46639580304878336	2.2594907760620124	0.08406229083749067	0.013131516826340152	0.689092962970314	0.640852643473288	0.4796999177144371
P08588_WT	Mean	110.4		0.5194949065008192	0.543741024185634	0.7348548170077766	0.009275799821192296	0.0958346373647965	0.5434476433034611	0.5275140005895347	2.38506883392334	0.08120704463431234	0.012384716481468468	0.7303514955122431	0.7066059744200489	0.5306394019252053
P08588_WT	SD	0.447213595499958		0.04435002763715315	0.07737320358003008	0.055748109879029714	0.0015547568494107857	0.008733179182016583	0.04834991190580444	0.04601220873297021	0.1517281995417471	0.012140533755244045	0.0019977625873931534	0.029766955612548635	0.03533634661198882	0.02742363656700498
P08588_WT	Test set	237.0		0.5000311010632772	0.5173594861724453	0.7192770580050815	0.009018901955067032	0.09496789960332402	0.5411961768427981	0.5002162183614889	2.4724084091186525	0.07777120047920635	0.011912951899040354	0.7111495223856776	0.7169484495077807	0.5337158564006308
P08172_WT	Fold 1	111.0		0.5438825061318215	0.8809472454161633	0.9385878996749123	0.014296163279215126	0.11956656421932983	0.6801448656374269	0.5455086568768257	2.8741940574645994	0.1278058564520255	0.018963592819937487	0.7400262217825633	0.740960445894339	0.5661831929279679
P08172_WT	Fold 2	111.0		0.3996003072301072	0.8441786921944691	0.9187919743850993	0.013373742568457164	0.11564489858379903	0.6677106531160372	0.39986106687701606	2.6911128044128425	0.1213224572941044	0.017756615603058665	0.6460957117945073	0.6201712980497509	0.4649337120674908
P08172_WT	Fold 3	111.0		0.46993842645541717	0.9085879393403689	0.9531987931907849	0.01557525175986664	0.1248008483940179	0.7138099234641136	0.48203366021320304	2.957901420593261	0.13407315927354024	0.020200345032539	0.6964480140499043	0.6288710457395076	0.4635447830476784
P08172_WT	Fold 4	110.0		0.543540495119578	0.6996854889664249	0.8364720491244312	0.011843973604200326	0.10883002161260617	0.6486757669622247	0.5498227595844756	2.5292697906494137	0.10182558496600537	0.015263515717077313	0.7576012612042018	0.7678633421651636	0.5776778460276729
P08172_WT	Fold 5	110.0		0.48480091617390475	0.7527983648267498	0.8676395362284672	0.012795673148513136	0.11311796121091088	0.6472972480080343	0.5032787049276187	2.6976771163940434	0.10973450841176412	0.016246720799548406	0.7177308894117234	0.6996983694788342	0.5221906848000477
P08172_WT	Mean	110.6		0.48835253022216574	0.8172395461488351	0.902938050520739	0.013576960872050478	0.11639205880413277	0.6715276914375673	0.49610096969582784	2.750031037902832	0.11895231327948792	0.017686157994432176	0.7115804196485799	0.691512900265519	0.5189060437741716
P08172_WT	SD	0.447213595499958		0.04891819695498025	0.07199599489382566	0.04023289564774188	0.0011665741604656467	0.00498744418396333	0.022308210218452515	0.049730403569525634	0.13758292714479242	0.010731072812453987	0.0016278367809587837	0.0353132327812507	0.053782087783942584	0.04411712482696219
P08172_WT	Test set	237.0		0.6059942141038015	0.730276064421543	0.8545619137438452	0.012687447060807142	0.11263856826508024	0.6459259491610626	0.6080975103119526	3.0054669570922847	0.109093711794861	0.016675352435677807	0.7802554192130766	0.7497881556908743	0.5633209389356155
P35368_WT	Fold 1	89.0		0.47237396064260617	0.6491259055190725	0.8056835020770082	0.009745567628115237	0.09871964155179676	0.5705559071744426	0.47684252844504016	3.1279684066772457	0.0903740238429565	0.012738782728557154	0.6949705389249654	0.6210565745807077	0.4569749944401457
P35368_WT	Fold 2	88.0		0.47516662405940346	0.5477788872758214	0.740120859911286	0.00909004582222478	0.09534173179791093	0.562250441161069	0.481324889885104	2.059706211090088	0.07978298734920791	0.011786355533376803	0.7009106203057943	0.6389950518790986	0.47292742514351493
P35368_WT	Fold 3	88.0		0.35335962330209547	0.6542623585488465	0.8088648580256448	0.010542473981281763	0.1026765502988962	0.6206212068471042	0.37197778785499025	2.1972804069519043	0.0935419030395955	0.01350577769422958	0.6371666320228802	0.49417473257147104	0.3615912357254068
P35368_WT	Fold 4	88.0		0.6302219291484649	0.4297779907433937	0.6555745501034903	0.0075273708834133176	0.08676042233307373	0.4924496018669822	0.6520863999298325	1.8015400695800778	0.06438679425700732	0.00980429070279213	0.8146236546321821	0.6509745909458922	0.4850309260779742
P35368_WT	Fold 5	88.0		0.25638992756575973	0.5379605014342231	0.7334579070636728	0.00870364775163253	0.09329334248290459	0.5430335675586353	0.2570576500616162	3.197537384033203	0.07704694422702284	0.011153177817594345	0.5297439356325583	0.4534394780074561	0.3231718642085231
P35368_WT	Mean	88.2		0.43750241294366593	0.5637811287042714	0.7487403354362204	0.009121821213333525	0.09535833769291645	0.5577821449216467	0.4478578512353167	2.4768064956665037	0.08102653054315803	0.011797676895310003	0.6754830763036762	0.5717280855969251	0.41993928911911294
P35368_WT	SD	0.3651483716701107		0.11522237266298731	0.0756639515560638	0.05138935359202668	0.0009242532527366614	0.004882677354453957	0.03789842585400258	0.11960487383974883	0.5246518013029144	0.009471663971286423	0.0011685021948042982	0.08474910890078839	0.07443662902003755	0.05942044694184615
P35368_WT	Test set	190.0		0.5452874778502869	0.535434138182873	0.73173365248762	0.008752873940167567	0.09355679526452136	0.5479982320685135	0.5453431516469556	2.821054992675781	0.07730400772873708	0.011351232695978644	0.7407379853923348	0.678984918958128	0.5094533591335744
P35348_WT	Fold 1	144.0		0.5271245653399977	0.5238498307894066	0.7237747099680996	0.007553889463269076	0.08691311444925372	0.5761623268657261	0.5291130347471404	2.173775615692138	0.07112007523370832	0.00984767305650561	0.7370415593621458	0.7637917903909653	0.57167858879562
P35348_WT	Fold 2	144.0		0.5420017530886769	0.6052011458730604	0.7779467500241005	0.008255183836217586	0.09085804222091508	0.5982889224688211	0.542007568336864	2.259057197570801	0.07939750619156363	0.010581650773605998	0.7397333452942123	0.7446780079898017	0.550581201772726
P35348_WT	Fold 3	143.0		0.625120446370973	0.508995885337606	0.7134394755952365	0.007617203392809931	0.08727659132212905	0.5488031249413123	0.6261263669288497	2.072591873168946	0.07029811926545444	0.009850289708764351	0.7913007353721458	0.774709591908435	0.5852603579906799
P35348_WT	Fold 4	143.0		0.3714299819478454	0.7297816653344259	0.8542725942779774	0.01012138712271474	0.10060510485415111	0.6061854696473875	0.3812205695855222	2.790581741333007	0.09715098630860937	0.013129206667089466	0.6533155580263953	0.6612446162827619	0.49184072114021365
P35348_WT	Fold 5	143.0		0.5309793667021405	0.6363349409786246	0.7977060492303067	0.009808327480916925	0.09903700056502582	0.6116688535997085	0.5381285590183627	2.3206123352050785	0.08813944199792002	0.012475721888951683	0.7356414866746335	0.7448528470829819	0.5529924801322622
P35348_WT	Mean	143.4		0.5193312226899267	0.6008326936626247	0.7734279158191442	0.00867119825918565	0.09293797068229497	0.5882217395045911	0.5233192197233478	2.323323752593994	0.08122122579945115	0.011176908418983422	0.7314065369459065	0.7378553707309892	0.5504706699663003
P35348_WT	SD	0.4472135954999579		0.07502944450595922	0.07333449708231818	0.046921500884274416	0.0009940206847877408	0.0053018758191900805	0.021107137576937874	0.07229969465623744	0.22645775563743548	0.009365650338345752	0.0012502999903272567	0.040423879097704646	0.03650491344774268	0.029166021489190664
P35348_WT	Test set	308.0		0.45529696529168806	0.669886836968414	0.8184661489447282	0.010131969730748477	0.10065768590002691	0.6146195664591604	0.4669337549053023	3.577425842285156	0.0916578378815203	0.012759983781342247	0.6963723508177218	0.6841715789085631	0.5059962094943778
Q9Y5N1_WT	Fold 1	414.0		0.611359415731497	0.5634091539004553	0.7506058578911141	0.008426285618577622	0.09179480169692411	0.5734612021699621	0.614790808015603	2.7063954544067386	0.07680562513001157	0.010659862230435668	0.7841037821097973	0.7782745692211596	0.5891055787610617
Q9Y5N1_WT	Fold 2	414.0		0.615550891906703	0.497084693489112	0.7050423345368078	0.007208052962870437	0.08490025302006135	0.5438768802218966	0.6156678407817262	2.927050819396973	0.06707283716407741	0.009239791479567817	0.786334078474892	0.7882629042879584	0.5990646380004586
Q9Y5N1_WT	Fold 3	414.0		0.6500911465996272	0.4865683391796516	0.6975445069525325	0.00679306798228566	0.08242007026377532	0.5334677827531014	0.6507636332167923	3.2771457290649417	0.06425172021100828	0.008659358823456266	0.8067036833299663	0.7799447797127997	0.5923865689574828
Q9Y5N1_WT	Fold 4	414.0		0.5786934272565409	0.5342553921303721	0.7309277612256714	0.007734185754816199	0.08794421956454102	0.5501102021443095	0.5794391340492198	2.874614601135254	0.07216049960414016	0.009890764816136181	0.7623014411074336	0.7538560895094409	0.5682641763652097
Q9Y5N1_WT	Fold 5	414.0		0.5988439393797234	0.5307786575623546	0.7285455768600579	0.007883501194730256	0.08878908263255261	0.5468904117270944	0.6016187832516768	2.8525313758850093	0.0723361735950035	0.010065528435452454	0.7758826201279583	0.7483411411594743	0.5653538166308766
Q9Y5N1_WT	Mean	414.0		0.6109077641748184	0.5224192472523891	0.7225332074932367	0.007609018702656035	0.08716968543557088	0.5495612958032728	0.6124560398630037	2.9275475959777832	0.07052537114084818	0.009703061157009679	0.7830651210300095	0.7697358967781666	0.5828349557430179
Q9Y5N1_WT	SD	0.0		0.021371318218128647	0.025223248988926857	0.01744064510285385	0.0005140495669706809	0.0029530554402257643	0.0120412775281111	0.021177034402087385	0.1729916695424301	0.004013994843836641	0.0006306103975253186	0.013249309732706884	0.014319474338612513	0.012327844165042578
Q9Y5N1_WT	Test set	888.0		0.6300468275067961	0.4817843393693917	0.6941068645168348	0.006818831729760632	0.08257621770074379	0.524964876827893	0.6302355256109402	2.6637983512878414	0.06423211093002532	0.008717661064132647	0.7938739197933598	0.7880182479608665	0.5968306390138179
P07550_WT	Fold 1	141.0		0.6014815505479678	0.9212524924004032	0.9598189893935227	0.014810456399607097	0.1216982185556021	0.6994884285893002	0.6015138855494642	2.798729415893554	0.13106617372950347	0.019146469732259856	0.7763915047557671	0.7955359864874312	0.6023247925108931
P07550_WT	Fold 2	140.0		0.5751044135587913	1.0616212739491278	1.0303500734940176	0.018642061666282496	0.13653593543929193	0.7393158667973109	0.5920675764146818	3.3298171997070316	0.15718795439059172	0.023919485863190912	0.7713411258396508	0.7871849101543497	0.5952855818029379
P07550_WT	Fold 3	140.0		0.6315061599068541	0.7415529171879596	0.8611346684392399	0.011864446559302253	0.10892404031848182	0.6545041359220233	0.6415077024745108	2.890747062683105	0.10353548270076897	0.015050070622744105	0.8030607938094456	0.7919654496770039	0.6071832749070133
P07550_WT	Fold 4	140.0		0.726269676650686	0.6762208426521514	0.8223264817894116	0.013315547532317895	0.11539301336007261	0.6218630194664001	0.7263771935678363	2.6932470512390134	0.10769557121611607	0.017764495954898304	0.8523023479157474	0.8786531280582474	0.6930086654582349
P07550_WT	Fold 5	140.0		0.6836260908415214	0.7144855584242389	0.8452724758468354	0.012254348717611555	0.11069936186632494	0.6401472331455776	0.6863882757849749	2.858319568634034	0.10617666560803496	0.016294151320550485	0.828518537401125	0.8310845402015348	0.6452457864867706
P07550_WT	Mean	140.2		0.643597578301164	0.8230266169227762	0.9037805377926054	0.014177372175024258	0.11865011390795469	0.6710637367841223	0.6495709267582936	2.9141720596313476	0.12113236952900304	0.018434934698728735	0.8063228619443473	0.8168848029157134	0.6286096202331699
P07550_WT	SD	0.3651483716701107		0.05008032459730175	0.13325839151971394	0.07192215948559158	0.002240707988009068	0.009106895036803998	0.03898093020542037	0.04643247769056518	0.19940075937145996	0.018764135650772912	0.0028010810405374458	0.028098072981797548	0.03155890864362687	0.0333778145710652
P07550_WT	Test set	301.0		0.6994751292437777	0.7254100179680438	0.851710055105635	0.011052344609670832	0.10513013178756522	0.6065897923212906	0.6995686113090474	3.349924850463868	0.10087229221802423	0.01450659801220189	0.8364664349028489	0.8327965088420748	0.660143117909991
P25021_WT	Fold 1	30.0		0.12313364932391069	0.6217415880816529	0.7885059213992327	0.013389790761624575	0.11571426343206172	0.63963878771464	0.5198213546491104	1.984303550720215	0.10302052776855651	0.017237888392849707	0.722120176326604	0.6167372077748697	0.44752286365626537
P25021_WT	Fold 2	29.0		0.3651080379231867	0.8680997724868773	0.931718719618146	0.016423104598460806	0.12815266130073463	0.7489654677818561	0.3657327445558124	2.2965083312988277	0.13915879608001924	0.02267137814110864	0.6054645254250761	0.5439310952370113	0.3762422341503205
P25021_WT	Fold 3	29.0		0.4108222648865507	0.18461337466355404	0.4296665854631403	0.0035537929808248095	0.05961369792945921	0.3415650376944706	0.41084342866125667	1.0307530975341797	0.029778669546513065	0.004849922091204062	0.6651679834085281	0.5953672482574969	0.4573579036177395
P25021_WT	Fold 4	29.0		0.27177680261927906	0.4876304379326392	0.6983054044847707	0.00985605916767389	0.0992776871591693	0.5794979674240639	0.31432623315863106	1.3856727600097658	0.08167643028497368	0.013857280251462375	0.6920613963692688	0.6591133004926107	0.4778325123152708
P25021_WT	Fold 5	29.0		0.36759576082834844	0.49080733885896644	0.7005764332740336	0.009552613691992121	0.09773747332518946	0.520531455467487	0.40858016573338585	1.5727412948608395	0.08019470440834651	0.013259983984257042	0.6664561421634307	0.5901477832512314	0.4433497536945812
P25021_WT	Mean	29.2		0.30768730311625514	0.530578502404738	0.7097546128478646	0.01055507224011524	0.10009915662932287	0.5660397432165035	0.4038607853516393	1.6539958068847653	0.08676582561768181	0.014375290572176366	0.6702540447385816	0.6010593270026441	0.4404610534868354
P25021_WT	SD	0.3651483716701107		0.09387278590786027	0.20221666072666333	0.1495183710727987	0.003936599347522725	0.02111932531698415	0.1235041575080704	0.0618978554042886	0.4059878031077995	0.032470130458009984	0.005311378091889766	0.035127458603749925	0.03423243149322407	0.031263397096410024
P25021_WT	Test set	63.0		0.4769265173750271	0.3294008511009581	0.5739345355534533	0.006904182875279564	0.08309141276497568	0.4475008078075591	0.4791496484629163	1.3480472145080569	0.055515447963731056	0.009451906274228258	0.7353539443602772	0.6349278738357729	0.4728484227043896
P18089_WT	Fold 1	41.0		0.3928822785417314	0.6792386535225835	0.8241593617271986	0.01197947128282993	0.10945077104721523	0.613743872572736	0.39499979591861223	2.9519441604614265	0.10404645013537357	0.016211236086895238	0.6493149740868325	0.6025786241176933	0.4297927501695167
P18089_WT	Fold 2	41.0		0.2590923538770037	0.6625121269879674	0.813948479320385	0.012589546632351052	0.11220314894133343	0.5648048573005491	0.25983761321399546	2.659655055999756	0.10611380571157923	0.0172759085447905	0.5379571155096081	0.5337572959317014	0.42002442002442
P18089_WT	Fold 3	41.0		0.4486381980860571	0.5364098138194252	0.7324000367418241	0.010124380333245302	0.10061997979151706	0.5597294168239686	0.45435498897815585	2.0997493362426756	0.08413989717173785	0.013342313951590495	0.6759402620341869	0.5966287735961217	0.44051258961840944
P18089_WT	Fold 4	41.0		0.6593973411010123	0.39334041805324765	0.6271685722780181	0.007089286918020303	0.08419790328755404	0.4234037189948849	0.6745872192668194	1.9844730567932132	0.06074237665431967	0.009534379221270003	0.8329142399765467	0.7609008152882479	0.6316433677013628
P18089_WT	Fold 5	40.0		0.653521394195798	0.2675770595877059	0.5172785125903703	0.004510855154443406	0.06716290013425125	0.35355795307159427	0.6640065830584742	2.031875766754151	0.040615644743101684	0.006239152561618999	0.8182366786117705	0.7647058823529412	0.600770218228498
P18089_WT	Mean	40.8		0.48270631316032053	0.507815614394186	0.7029909925315592	0.009258708064177997	0.09472694064037421	0.5030479637527466	0.48955724008721146	2.345539475250244	0.0791316348832224	0.012520598073233047	0.702872654043789	0.6517142782573411	0.5045486691484413
P18089_WT	SD	0.3651483716701107		0.14120299082652293	0.14431079388266316	0.10653355814671392	0.0027837301682724766	0.015424946814954796	0.0894154668471143	0.1458424276173454	0.3548619246303051	0.023077819681435695	0.003770125204833673	0.10083863835205416	0.08568486590970234	0.08390973771615491
P18089_WT	Test set	88.0		0.42802286379979704	0.698741472031495	0.8359075738569994	0.01256151777293449	0.11207817705929415	0.5574942914789373	0.43680471722728975	3.477691398620605	0.10859052502348518	0.01714374535405476	0.6764564349884076	0.5220523165965538	0.39382866734036903
P08913_WT	Fold 1	76.0		0.600583186454637	0.5147024476282205	0.7174276602056966	0.008689676200402207	0.09321843272873775	0.525401837348938	0.6075628325970379	2.4149720573425295	0.075222832819415	0.01114549198343005	0.7822502120954953	0.7592792602117767	0.5802602448774425
P08913_WT	Fold 2	76.0		0.6469932588050338	0.5689566388699508	0.7542921442451531	0.009932947108448508	0.09966417163880162	0.5968157052993774	0.6469934562386739	1.9783244132995605	0.08591597665400594	0.013194360516207137	0.8044230581436269	0.7470966596921346	0.5746885121889423
P08913_WT	Fold 3	75.0		0.4612586069442154	0.8637028635455963	0.9293561553815611	0.01553036036657147	0.12462086649743481	0.613063531519572	0.4648911162184055	3.9592878723144533	0.13293492271921675	0.020846229864013726	0.6904515155161888	0.6875395634504653	0.5343428967306716
P08913_WT	Fold 4	75.0		0.5026688833255788	0.8331569914819785	0.912774337655249	0.013151427699634951	0.11467967430907254	0.6836172594197591	0.5052713812148018	2.988730621337891	0.11793643193906903	0.01703120537056331	0.7112002608316996	0.7049091713736741	0.5342714233323477
P08913_WT	Fold 5	75.0		0.4645373208229341	0.5686262185629098	0.7540730856905781	0.009828519804752226	0.09913889148438279	0.5438074180603029	0.5027056995823411	2.5555002403259275	0.08324806712305005	0.012349909017283594	0.7160341539100099	0.6545847679681234	0.4821494221946455
P08913_WT	Mean	75.4		0.5352082512704798	0.6698290320177313	0.8135846766356476	0.01142658623596187	0.10626440733168592	0.59254115032959	0.5454848971702521	2.779363040924072	0.09905164625095134	0.014913439350299564	0.7408718400994042	0.7106818845392349	0.54114249986481
P08913_WT	SD	0.447213595499958		0.06866769113198913	0.13462577219149482	0.08118397810631511	0.0023127001136626596	0.010585444818531567	0.05101790797571242	0.06337744310988266	0.6138153382483592	0.02039126787490977	0.0032508276731169285	0.04039482100985747	0.035127193886301304	0.032221013914884224
P08913_WT	Test set	162.0		0.5578028803640616	0.6542587909934613	0.808862652737448	0.010590991160997616	0.10291254132027648	0.6052191713121203	0.5603706791520031	2.819538993835449	0.094619909272968	0.013944566559618931	0.7499224943597042	0.7347198289218313	0.5607829740515737
P34969_WT	Fold 1	238.0		0.48470295077857195	0.5355867981578655	0.731837958948472	0.008892339602864036	0.09429920255688293	0.5597580147911522	0.4928727420475205	2.458975086212158	0.07745588043240585	0.011384525185077557	0.7036155914967055	0.716731562417312	0.5194742477562873
P34969_WT	Fold 2	238.0		0.5817192098134429	0.3919388656337374	0.6260502101538961	0.006232854788323213	0.07894843119608655	0.4689105913498823	0.5825664686309291	2.4380527496337887	0.05560954127957419	0.008014726752793747	0.7637265131823123	0.7824383662551775	0.5915582527393779
P34969_WT	Fold 3	237.0		0.570079486290191	0.45971851613429854	0.6780254538985233	0.007782822032906101	0.08822030397196612	0.5178722658599982	0.5746933855250909	1.9357008628845218	0.06798309550622711	0.010230118824438883	0.7601508296971149	0.7554329356686323	0.5695367099362434
P34969_WT	Fold 4	237.0		0.5378779780098659	0.5138968592122029	0.7168659980862552	0.008175864080218852	0.09042048484839513	0.5251579692534757	0.5392188527397408	3.112639503479004	0.07304230173739194	0.010579614545868456	0.7347828170822776	0.754524091848628	0.5704879521883875
P34969_WT	Fold 5	237.0		0.5389108180051534	0.4748203266166683	0.6890720765033715	0.007650024428567876	0.08746441807139561	0.5252496506896199	0.5389794449659598	2.2458525543212886	0.06820139144807645	0.009968942485831921	0.7368463407284905	0.7296413489346778	0.5397852189794661
P34969_WT	Mean	237.4		0.5426580885794451	0.47519227315095447	0.6883703395181037	0.0077467809865760144	0.08787056812894527	0.5193896983888256	0.5456661787818482	2.438244151306152	0.06845844208073512	0.010035585558802112	0.7398244184373801	0.7477536610248855	0.5581684763199524
P34969_WT	SD	0.4472135954999579		0.030750050774485258	0.04530682251171021	0.03339846332150195	0.0007957229592113247	0.004613769542756731	0.02660719140828454	0.02909077031952567	0.35232635975210874	0.00667522718010109	0.001019947748542406	0.01970549401977052	0.020809714161005514	0.023205857253254157
P34969_WT	Test set	510.0		0.5763301035533512	0.41901822515569775	0.6473161709363499	0.006815330597541575	0.08255501558077241	0.48138806996813005	0.5797791077426199	3.1053655624389647	0.060227463490096375	0.008797333559952523	0.7632734522971587	0.7704453299143478	0.5779034151028087
P21728_WT	Fold 1	93.0		0.4633300335445588	0.6078732923144919	0.7796622937621723	0.010559687925522867	0.10276034218278404	0.5699862666796612	0.4659584974428653	2.72307596206665	0.09046718752595133	0.013737501829228602	0.6845167172101372	0.7139809015414279	0.5317582786209247
P21728_WT	Fold 2	93.0		0.4582364919791715	0.6266773740100832	0.7916295686810108	0.009960495681976267	0.09980228294972147	0.5678349805032055	0.45858490416275843	3.508632831573486	0.09081302880178962	0.013346626792801797	0.6801075244932644	0.7117422590510648	0.528827128177842
P21728_WT	Fold 3	92.0		0.37883052204173984	0.6055230627887606	0.7781536241570559	0.011068702348001155	0.10520790059687131	0.5763284273147583	0.3796201887602658	2.9545904006958015	0.09496950547347484	0.015183493416893458	0.6742015965400613	0.6830849969823722	0.5022110995700714
P21728_WT	Fold 4	92.0		0.4662507563164603	0.4491770177500435	0.67020669778065	0.00814211358253998	0.09023366102813284	0.5193675740698109	0.47708410946860524	2.5682206420898437	0.06874600951044693	0.010710184843740122	0.7073188198808733	0.6707098574015904	0.5086608565741636
P21728_WT	Fold 5	92.0		0.5115112606861082	0.49826386970048314	0.7058780841621896	0.00938067054235105	0.09685386178336437	0.5496984750084255	0.5293498656417919	1.8714352607727047	0.07735030648366341	0.012203139626132016	0.7281856647205794	0.7248879694016958	0.5208558358001837
P21728_WT	Mean	92.4		0.4556318129136077	0.5575029233127725	0.7451060537086157	0.009822334016078262	0.0989716097081748	0.5566431447151723	0.46211951309525734	2.7251910194396975	0.08446920755906523	0.0130361893017592	0.694866064568983	0.7008811968756301	0.518462639748637
P21728_WT	SD	0.447213595499958		0.03915728939345189	0.06438423692540791	0.043968663458061705	0.0009250604288208755	0.004739416969327652	0.018834821684689165	0.04392650912794677	0.486475113685215	0.00898492995086397	0.0013725520124139828	0.018335805608876522	0.018676654399394723	0.0104092229323925
P21728_WT	Test set	198.0		0.508610543723311	0.5102589677363703	0.7143241335250897	0.008431169515651702	0.09182140009633757	0.5485805648842244	0.508702087492088	2.6303758239746102	0.0750320355897442	0.011174665526610344	0.7170228672079015	0.7084604896200832	0.5176501750797627
P11229_WT	Fold 1	178.0		0.4529276615797837	0.7209416461330985	0.8490828264269031	0.011816858394211156	0.10870537426554014	0.6163142418593502	0.45303610728764176	3.507594612121582	0.10588301889740469	0.015920322268872637	0.6941237633331665	0.691274039728093	0.5066728280574659
P11229_WT	Fold 2	178.0		0.4079882084372066	0.8421695318513427	0.9176979524066416	0.013698709126840118	0.11704148464044754	0.672868140874284	0.4082515367123366	4.857585372924804	0.12427669464892219	0.018729152189461765	0.6540549892670784	0.6320008257713432	0.46351879830124
P11229_WT	Fold 3	178.0		0.3974805398748832	0.9728587690709607	0.986336032531997	0.01687316365184651	0.12989674226802808	0.6805937423706054	0.397511171896227	4.159139137268067	0.1486202577375599	0.023137147828229395	0.6466225289626941	0.5953606400722882	0.44532783542281107
P11229_WT	Fold 4	178.0		0.4532589197522138	0.7101397329030743	0.8426978894616233	0.01228986943374163	0.11085968353617842	0.6407665659229407	0.45376830212466024	2.8959206581115726	0.10645343882646174	0.016211674828884554	0.6931057230286327	0.6424970795913135	0.4698708410725566
P11229_WT	Fold 5	177.0		0.46362443156874844	0.8485649106754302	0.9211758304880943	0.014958241254512478	0.12230388895906981	0.6774058729484257	0.47158387437844573	2.543397010803222	0.12777816220120217	0.01960893946283558	0.6926226028923061	0.6187862492158568	0.46505817069608973
P11229_WT	Mean	177.8		0.4350559522425672	0.8189349181267811	0.9033981062630518	0.013927368372230377	0.11776143473385278	0.6575897127951212	0.4368301984798622	3.59272735824585	0.12260231446231014	0.018721447315656788	0.6761059214967755	0.635983766875779	0.47008969471003265
P11229_WT	SD	0.3651483716701107		0.02453391666352175	0.08808084289138125	0.04836303449875148	0.0016796998204146583	0.007048218548854886	0.022883686751897985	0.02620456252811399	0.7653506212396429	0.0144155434028019	0.0023955295919760888	0.019330246973774137	0.02904391611396699	0.01834855185615862
P11229_WT	Test set	381.0		0.5594728938539528	0.6032673734667859	0.7767028862227731	0.009790223662540962	0.09894555908448323	0.560355904526598	0.5606890319106517	3.91405018234253	0.08750880617559646	0.012963483061532626	0.7504908163112884	0.7451957225060619	0.5640176775217792
P41595_WT	Fold 1	158.0		0.2781873805502467	0.501171466188854	0.7079346482471769	0.00840489793891731	0.09167823045258515	0.551245828000805	0.27826855073636725	1.7987796783447259	0.07440526611836233	0.011125757250523545	0.545557056837073	0.5146958935382446	0.35785499022315254
P41595_WT	Fold 2	157.0		0.1863020388768456	0.5618169186359151	0.749544474088039	0.009459758241349684	0.09726128850344151	0.5908571277302541	0.19386270212983814	2.2723672866821296	0.08333477524763727	0.01245699383557636	0.4767157318979178	0.36455146662010635	0.2529132683385679
P41595_WT	Fold 3	157.0		0.2116613320780102	0.6083348379201516	0.779958228317486	0.010420382325993948	0.10208027393181283	0.6174662072491495	0.22645043624249972	2.676395626068116	0.09062710980965126	0.013613897956167995	0.5034484354531279	0.4398953687523399	0.30927199784466836
P41595_WT	Fold 4	157.0		0.08506009405366044	0.6272442863707007	0.791987554429172	0.010374639987811005	0.10185597669165519	0.6134881141808383	0.09480915620480945	2.467527313232422	0.09188624670022523	0.01357038444684002	0.4335104498607162	0.365066517927953	0.2562846441178747
P41595_WT	Fold 5	157.0		0.28949041798938857	0.5808847183652771	0.7621579353160847	0.009601293062398205	0.0979861881205622	0.5962066091792598	0.2915721312244832	1.9462019920349114	0.08540517089663874	0.012673289353979938	0.5541085207150089	0.4914750441435088	0.345521889699282
P41595_WT	Mean	157.2		0.21014025270963027	0.5758904454961797	0.7583165680795918	0.00965219431129403	0.09817239154001138	0.5938527772680613	0.21699259530759957	2.2322543792724607	0.08513171375450297	0.012688064568617572	0.5026680389527687	0.4351368581964306	0.3043693580447091
P41595_WT	SD	0.3651483716701107		0.06725880431570182	0.03978230000228844	0.026558552799579107	0.0006717404508867959	0.0034611956759590333	0.021498089441591883	0.06438178494449577	0.2955080739136338	0.005688929876152686	0.0008296657937402175	0.040707277007524016	0.05688940266335716	0.039870934420511685
P41595_WT	Test set	337.0		0.3779958618484872	0.507085252367676	0.7120991871696498	0.008448975979182611	0.0919183114465372	0.5457561574534068	0.3783903837593049	2.76211633682251	0.07440160248558597	0.011031030828607125	0.6172377614573072	0.5816170109573704	0.4168301973452531
P28335_WT	Fold 1	299.0		0.45637845152583645	0.5375410247960599	0.7331718930756006	0.008932088030806019	0.09450972453036788	0.5534199435001234	0.45776134355329545	2.7743989944458	0.07854315175377098	0.01163128094083424	0.6778363983605071	0.6552714496165186	0.4842808513383378
P28335_WT	Fold 2	299.0		0.47927973784100497	0.5278574055103495	0.7265379587539453	0.008687410905912742	0.0932062814724026	0.5582886085510254	0.48274610887860714	2.754643058776855	0.07658483469514324	0.011272133762331576	0.7037456717888404	0.6977973848910676	0.514800518314619
P28335_WT	Fold 3	299.0		0.43118674732461937	0.5375443068205887	0.7331741313089195	0.008604324434090475	0.092759497810685	0.5456630333865367	0.4422799953958655	3.4342747879028312	0.07851806171865806	0.01163003967405457	0.6716267618406409	0.674182428382743	0.49742741715011213
P28335_WT	Fold 4	299.0		0.5327068924433532	0.4805524994252217	0.6932189404691866	0.007628783949903753	0.08734291012957922	0.5442344905381219	0.5330644091286847	2.615919063568115	0.06877672548309616	0.009952880315601006	0.7319759176069545	0.7104402095411764	0.5285032787550441
P28335_WT	Fold 5	299.0		0.2961654623235953	0.5818393560551673	0.762783951099633	0.009513106588651671	0.09753515565503379	0.560026170124577	0.30043367034586443	2.8712809371948245	0.08442834026030475	0.012393742890389293	0.5863318829527353	0.5700544294240664	0.41745893549243995
P28335_WT	Mean	299.0		0.43914345829168183	0.5330669185214774	0.729777374941457	0.008673142781872933	0.0930707139196137	0.5523264492200768	0.4432571054604635	2.890103368377685	0.07737022278219464	0.011376015516642139	0.6743033265099356	0.6615491803711143	0.4884942002101106
P28335_WT	SD	0.0		0.07207415014941262	0.029449727035365598	0.020246430653194158	0.000558004891392898	0.0030255842915538128	0.005858180626503531	0.0709866119628439	0.2592909718095598	0.004600278056960675	0.0007304750664159561	0.044631082099126994	0.045230084703732805	0.035204905542059975
P28335_WT	Test set	641.0		0.4571524413756499	0.5230077119865939	0.7231927211930399	0.00874415717848168	0.0935101982592363	0.5450750049525601	0.4589881946101957	2.80619140625	0.07653790354641361	0.011348910268982559	0.6787000193939057	0.6472668152534565	0.47776779203291203
P28223_WT	Fold 1	445.0		0.6092575707634869	0.4916726945577362	0.7011937639181742	0.00780799759641508	0.08836287453684992	0.5010148787423466	0.6116190674775386	2.579690334320068	0.06963991169723463	0.010090725963656247	0.7822615815544881	0.8042881016131568	0.6200700361558954
P28223_WT	Fold 2	445.0		0.5913492400346136	0.4832427880469159	0.6951566643907803	0.00816043779847259	0.0903351415478638	0.5043682418908966	0.5932353385187932	3.3187231636047363	0.07048515908006737	0.010442204076907989	0.7723566026305662	0.7744232452177902	0.584847403945947
P28223_WT	Fold 3	445.0		0.5608255696638801	0.5009340034934588	0.7077669132514312	0.008181250527658468	0.09045026549247089	0.5259053986624386	0.5611299044104854	2.9357562026977533	0.07257651486237852	0.010700138900610995	0.7503591205811032	0.7609513986507502	0.5709280076533635
P28223_WT	Fold 4	445.0		0.5291560825123185	0.5634900399615395	0.7506597364728839	0.00900295066923637	0.09488387992296884	0.5318530830811918	0.5304223906816057	3.886592769622803	0.08077617000600722	0.011761053320084392	0.7305304853308239	0.7436403512002397	0.5624349925752595
P28223_WT	Fold 5	445.0		0.5560147037772946	0.535486649963354	0.7317695333664515	0.008521286660058133	0.09231081550965808	0.5422738228101409	0.5565321265781538	2.5842947959899902	0.07619505826952772	0.011025341625265942	0.746114381492838	0.7537105486519396	0.5648342177447249
P28223_WT	Mean	445.0		0.5693206333503188	0.5149652352046008	0.7173093222799442	0.008334784650368129	0.09126859540196232	0.5210830850374029	0.5705877655333154	3.06101145324707	0.0739345627830431	0.010803892777305113	0.7563244343179639	0.7674027290667753	0.5806229316150381
P28223_WT	SD	0.0		0.025634038228014668	0.02745152305182567	0.018986209356795337	0.00036803599919104106	0.002005854705820104	0.014551138668088336	0.026130281800386016	0.4514084448009805	0.0037439759892279397	0.000518874805698317	0.017004528703627574	0.01916404804763845	0.019356292628616992
P28223_WT	Test set	954.0		0.6126477063954067	0.45558333520386274	0.6749691364824489	0.007405272965920733	0.08605389570449866	0.5007030898919895	0.6148546898134839	2.8169754791259765	0.06568581044353372	0.009624683819491383	0.7843910747279346	0.7770247964236177	0.5880479012436759
P08908_WT	Fold 1	407.0		0.6444936239915039	0.4875213601121919	0.6982272983149483	0.007979195308562465	0.08932634162755387	0.5111832048008425	0.6460186835468196	2.9452246589660653	0.06995243716096967	0.010220993045863736	0.8045879099031172	0.8168317477477332	0.6318361816632254
P08908_WT	Fold 2	407.0		0.6019200701700189	0.47404061208231907	0.6885060726546419	0.007101736622117016	0.08427180205808474	0.5117101538655799	0.6024869434078616	2.56558918762207	0.06526061259757227	0.009129377180993839	0.7766575051939653	0.7705408085748047	0.585850196516451
P08908_WT	Fold 3	406.0		0.6191327717473883	0.4418073554685176	0.6646859073792054	0.00654063545691012	0.08087419524737245	0.5133836217513813	0.6196435794776849	2.6025800704956055	0.060586490634403134	0.00844822300367121	0.7909537003826062	0.7793416034082669	0.5910740720294181
P08908_WT	Fold 4	406.0		0.6599228196211553	0.45926736548914027	0.6776926777597204	0.006973686774929413	0.08350860299950785	0.5099033556407307	0.6607027660161684	2.569721221923828	0.0636028235140177	0.008992464630801335	0.8128803213519702	0.8106282855130235	0.6233955228644208
P08908_WT	Fold 5	406.0		0.651146552009435	0.45196900509269156	0.672286401091597	0.006939839747541916	0.08330570057050067	0.5346558246612548	0.6529541313975045	2.052672328948975	0.06320208261886237	0.008982399589216459	0.8085916213538602	0.7956494094332739	0.6052753777861575
P08908_WT	Mean	406.4		0.6353231675079003	0.4629211396489721	0.6802796714400225	0.007107018782012186	0.08425732850060393	0.5161672321439579	0.6363612207692079	2.547157493591309	0.06452088930516502	0.009154691490109316	0.7987342116371038	0.7945983709354204	0.6074862701719346
P08908_WT	SD	0.4472135954999579		0.019653309644689324	0.014764285248552328	0.010828522307120399	0.00043344282962332964	0.0025366276749364757	0.008500183961465194	0.019950139066077007	0.26041427169437475	0.0028316806385499044	0.00053115277108296	0.012106912987603741	0.016144767727657307	0.016270579210665784
P08908_WT	Test set	872.0		0.6136143563460345	0.4747517281281851	0.6890222987162209	0.007132364725728259	0.08445332868352945	0.5077410502696257	0.6139411901726477	3.2601839027404793	0.06570429357439221	0.009252664759092276	0.7839316084532753	0.7752083862807777	0.5916754982518153
P18825_WT	Fold 1	52.0		0.462410959878896	0.6772733324919594	0.8229661794338571	0.011528663934530965	0.10737161605625094	0.6110081078455998	0.47191559592238197	2.3544201850891113	0.10037692963413156	0.015019328065608172	0.6916524305109557	0.563445817720287	0.42323654463441407
P18825_WT	Fold 2	51.0		0.3766802617089732	0.8688771233830465	0.9321357859148239	0.01605258035019324	0.1266987780138121	0.6663375551560347	0.3780452016923874	2.7467705726623537	0.1322537939822123	0.020552941507206934	0.6343298189644194	0.6118967352291417	0.4554378050281579
P18825_WT	Fold 3	51.0		0.6132264583342761	0.5556180005429339	0.7453978806938841	0.009651665269190644	0.09824288915331554	0.5208832532097312	0.6273260736243864	2.2039028167724606	0.08262140642250547	0.012456397025565967	0.7935926935671798	0.7331221719457013	0.5592156862745099
P18825_WT	Fold 4	51.0		0.3563217295345734	0.8301141628492855	0.9111060107634487	0.014655083016046355	0.1210581802938007	0.7058740516363406	0.35634919229774087	2.5173037719726565	0.12619469327402177	0.019561475947141183	0.6135414313755551	0.5774016929754278	0.396389447071335
P18825_WT	Fold 5	51.0		0.40341663232928604	0.7926303617557658	0.890297906184085	0.012761847148748291	0.1129683457821185	0.6993553452585257	0.404256454222502	2.2342856178283697	0.11465429189765398	0.01689344859288002	0.6477237525991695	0.6331364964628688	0.45978818759902657
P18825_WT	Mean	51.2		0.4424112083572009	0.7449025962045982	0.8603807525980198	0.0129299679437419	0.11326796185985955	0.6406916626212464	0.44757850355187967	2.4113365928649904	0.11122022304210502	0.016896718227680456	0.6761680254034559	0.6238005828666853	0.4588135341214887
P18825_WT	SD	0.3651483716701107		0.08448902527989544	0.10433200974835288	0.06223314205110308	0.002060174596465296	0.00914406728683045	0.06269376855268323	0.08938302436658571	0.18319402034922255	0.01640075210722881	0.0026990726574844764	0.058466403383808714	0.054735158367409546	0.0504239137683035
P18825_WT	Test set	110.0		0.4353873617777746	0.7359194221288284	0.8578574602629673	0.012818700078872858	0.11321969828114213	0.6111368708870626	0.4403604773519849	2.5636953735351566	0.10889399177460794	0.016398418129984802	0.6693735945075003	0.620758523567182	0.4545682498207126
P35462_WT	Fold 1	442.0		0.643986110374491	0.5242113471158462	0.7240244105800896	0.008017553132934759	0.08954079033007671	0.552842351153965	0.6440950311140543	2.837968482971192	0.0731326191492287	0.010406590556952013	0.8028006695459824	0.8012508861272432	0.6120924198664586
P35462_WT	Fold 2	441.0		0.6123458826255532	0.4592532091976217	0.6776822332019792	0.0069293247221504884	0.08324256556684499	0.4958776372360264	0.6131123859052114	3.007179565429688	0.06397913512417065	0.009104590573908465	0.7883359786665816	0.8045095706293929	0.6142156778921525
P35462_WT	Fold 3	441.0		0.6671475531084753	0.4960703950835744	0.7043226498442134	0.007971972908607738	0.08928590543085588	0.526885371331455	0.6707290896937884	2.7426223754882812	0.07035984188428054	0.010231714919814606	0.8191932370859807	0.8295896507579629	0.635868711816691
P35462_WT	Fold 4	441.0		0.5800426300480175	0.5568345685947985	0.7462134872774671	0.008624505646847233	0.09286821655898875	0.5579831813025096	0.5821244764534137	3.424829177856445	0.07833714053278279	0.011237094982991289	0.76403807934463	0.7531660339024296	0.5690320456929372
P35462_WT	Fold 5	441.0		0.6209669574006285	0.5106176734438812	0.7145751699043854	0.008206312379021929	0.0905886989586556	0.5211459564762592	0.6223364716836107	3.3501440048217774	0.07244463663688863	0.010520207276377487	0.7892700350987097	0.7914845893919047	0.6039282719680389
P35462_WT	Mean	441.2		0.6248978267114331	0.5093974386871445	0.713363590161627	0.00794993375791243	0.08910523536908439	0.530946899500043	0.6264794909700157	3.072548721313477	0.07165067466547026	0.010300039662008771	0.7927275999483768	0.7960001461617867	0.6070274254472556
P35462_WT	SD	0.36514837167011077		0.026877480212418415	0.029335064320083273	0.020612029636007424	0.0005111226432445506	0.0029141590743160875	0.020626758461578045	0.027177029703931214	0.24809711469483905	0.004243703749133404	0.0006287111603441094	0.01661438315066551	0.022669314134458305	0.019842708888004323
P35462_WT	Test set	946.0		0.6557898005384346	0.4659821276642438	0.6826288359454528	0.007492597892086898	0.08655979373870352	0.4968985321456232	0.6574283910784313	3.265617847442627	0.06581120150373555	0.009566526715012418	0.8115439663134723	0.8034062487718192	0.6191360726152555
P21917_WT	Fold 1	196.0		0.4532508290693451	0.6742035279907398	0.821098975757941	0.01069217730101622	0.10340298497149983	0.6213191417771943	0.4554432582060436	3.4817034530639646	0.09627674306840692	0.014023659015097032	0.6752705237914469	0.688242337461338	0.49734150738262933
P21917_WT	Fold 2	196.0		0.40337034594255683	0.5053681895709203	0.7108925302539901	0.007997213602027958	0.08942714130524333	0.5560752738057351	0.4120428609830331	2.3191540527343752	0.07173372096720348	0.010290134433726512	0.6656213230737862	0.6650545456535816	0.4777122474797114
P21917_WT	Fold 3	196.0		0.5429843312189024	0.4610263622479382	0.6789892210101264	0.007390779504108224	0.08596964292183738	0.5207572684774594	0.5519229705567978	2.403085868835449	0.06548346262646527	0.009422430476256136	0.7429654138537991	0.74064543799404	0.5538359663566939
P21917_WT	Fold 4	196.0		0.42222989272951406	0.5777213155805638	0.7600798086915372	0.008914727802713296	0.0944178362530793	0.5497507554657606	0.4230615846663336	3.99333812713623	0.08260005114138227	0.011976834253812612	0.6548553149486326	0.6803483564769525	0.5010348073585337
P21917_WT	Fold 5	196.0		0.525102712862382	0.4499031116519613	0.670748173051527	0.00677759612245022	0.08232615697608034	0.5209909559172027	0.5272471000056943	2.185301094055175	0.06239763642335135	0.008767753863515958	0.7280632664173836	0.7146419268669268	0.524160212569237
P21917_WT	Mean	196.0		0.46938762236454	0.5336445014084247	0.7283617417530244	0.008354498866463184	0.09110875248554803	0.5537786790886704	0.47394355488358053	2.8765165191650386	0.07569832284536185	0.010896162408481649	0.6933551684170096	0.6977865208905678	0.5108169482293611
P21917_WT	SD	0.0		0.05060167192846349	0.07614150183040864	0.051101814701350036	0.0012464367184112128	0.006689175770746367	0.033537692640046385	0.05112890403518768	0.6615776589033622	0.011314260389650357	0.001732934183699797	0.03226010897104785	0.024452521016151314	0.02381133351171917
P21917_WT	Test set	421.0		0.47081992522109983	0.49830436852766513	0.7059067704220332	0.007939574231406126	0.08910428851298981	0.5354279528003972	0.47087785258715065	2.8561703491210935	0.070662405822172	0.010160231352078494	0.6938288244873809	0.7121020056234453	0.5237424056879663
P14416_WT	Fold 1	618.0		0.5404607734779148	0.4467022407180602	0.6683578687485172	0.007401612789804369	0.08603262631004803	0.49490984800023946	0.5420236898273854	2.8003760147094727	0.06575866886637409	0.009834529380193911	0.7382388251698453	0.7451608939772677	0.5575494514896411
P14416_WT	Fold 2	618.0		0.49003798540823174	0.5078195051995696	0.7126145558431779	0.008541026170945638	0.09241767239519527	0.5323044460938585	0.4923958283785006	3.40659839630127	0.0744233516061906	0.011089453635336505	0.7033259724879728	0.7004106730665174	0.5153134296501947
P14416_WT	Fold 3	618.0		0.5282707221773235	0.4655653997679799	0.6823235301292049	0.007910943906561501	0.08894348715089544	0.5081131694201126	0.532214175973259	2.9495278816223145	0.06865072890818777	0.01030158168937516	0.730118967220835	0.7460010259144342	0.555376449151985
P14416_WT	Fold 4	618.0		0.5266619573627911	0.4389738869666883	0.6625510448008427	0.007053486861412346	0.08398503950950041	0.4821830381251462	0.5271980601844601	4.7633233070373535	0.06361393883298389	0.00937417665172126	0.7265888764833319	0.7299808716629309	0.5446643212383785
P14416_WT	Fold 5	617.0		0.5254368791781995	0.4785485925774498	0.6917720669248288	0.00796370449501257	0.0892395904014164	0.5040367872402	0.5254605462494133	2.9865573883056644	0.07009098918247167	0.010459235320919595	0.72676023720371	0.7229698637945952	0.5434254844215854
P14416_WT	Mean	617.8		0.5221736635208922	0.4675219250459496	0.6835238132893142	0.007774154844747284	0.08812368315341111	0.5043094577759113	0.5238584601226037	3.381276597595215	0.0685075354792416	0.010211795335509286	0.7250065757131391	0.7289046656831492	0.543265827190357
P14416_WT	SD	0.3651483716701107		0.015465486740039606	0.02235233055686037	0.016256324727732648	0.0004656325219881132	0.0026412295470878114	0.015144817886612512	0.015293846052145104	0.6570578355686513	0.0033918595250943266	0.0005297022571606924	0.01062117800411375	0.015301624094151641	0.013747768859574232
P14416_WT	Test set	1325.0		0.5883457996057675	0.41603905295532356	0.6450108936718228	0.006911278677803339	0.08313410057132596	0.4821563225080383	0.5886337580301853	2.509538208007813	0.06070183463565836	0.009017606122586104	0.7678480635402825	0.7715347997657002	0.5804293033003503
Q9H3N8_WT	Fold 1	152.0		0.4057413462132574	0.7526963963275544	0.8675807722209814	0.013245548702993928	0.11508930750940301	0.7112712871149967	0.40956962205785874	2.361173515319824	0.11282320100851222	0.0171984777454675	0.6425602474859515	0.649951774191949	0.4467409119098835
Q9H3N8_WT	Fold 2	152.0		0.34533129426642895	0.7872714661472633	0.8872831938830259	0.014239718471259245	0.11933029150747619	0.6980468955792879	0.353699188216012	2.529831027984619	0.11963207474839754	0.018598062698817905	0.6275139360691167	0.615356225886032	0.43995668463117904
Q9H3N8_WT	Fold 3	152.0		0.5237218792863287	0.6854067293837733	0.8278929456057549	0.011890011221203065	0.10904132804218346	0.6161175046218069	0.5261028134278264	3.3584925994873043	0.10291933123828488	0.015747400415576256	0.7261783187997001	0.7222654139772399	0.5418853448930642
Q9H3N8_WT	Fold 4	151.0		0.39135968494358775	0.6881667199350204	0.8295581474104274	0.012466967205377488	0.11165557400048369	0.6478602613234362	0.40075466618353783	2.2966865539550785	0.10466424669826767	0.016161036756886352	0.6463722850624603	0.6228277940560304	0.4470476785203296
Q9H3N8_WT	Fold 5	151.0		0.5426646442471459	0.5215038625344627	0.72215224332163	0.009317233916410572	0.09652581994684413	0.5433671120397302	0.5444711108906828	2.933451480865479	0.07929609000852583	0.012248911555705195	0.7421080332808672	0.7439596227090542	0.5581933302628553
Q9H3N8_WT	Mean	151.6		0.4417637697913497	0.6870090348656148	0.826893460488364	0.01223189590344886	0.1103284642012781	0.6433326121358516	0.44691948015518346	2.6959270355224607	0.10386698874039764	0.01599077783449064	0.6769465641396192	0.6708721661640611	0.48676479004346235
Q9H3N8_WT	SD	0.4472135954999579		0.07075253503536068	0.0834298650247422	0.05209158495055762	0.0015125167554699988	0.007043075230096424	0.055322658504879496	0.06831611047851129	0.3638799604763872	0.012476741124426668	0.001929864302471721	0.04326386629279901	0.04797740152314505	0.04745290722685205
Q9H3N8_WT	Test set	326.0		0.4850509812196382	0.6347851175355199	0.7967340318672975	0.011416990005773805	0.10685031588991117	0.6110459060434914	0.48863610803102353	2.7284816741943363	0.09608950856950452	0.014802018382512336	0.705449724062556	0.6932369278676063	0.5073398785531181
Q13639_WT	Fold 1	66.0		0.7420533739253791	0.3199517882628058	0.5656428097861811	0.005044659764769715	0.07102576831523694	0.3786194986285585	0.7466612258827362	2.662608184814453	0.04484470790579947	0.006379614438404371	0.8749101618101871	0.858431189520405	0.6945162254400659
Q13639_WT	Fold 2	66.0		0.6513567230501982	0.3916512131072132	0.6258204319988387	0.004802697237467892	0.06930149520369594	0.476428724115545	0.652934361181418	1.9060671234130862	0.04797439796256285	0.005988392689223761	0.8295240771524246	0.8073024874633777	0.6269847419213267
Q13639_WT	Fold 3	66.0		0.6504362327860436	0.5634281411855757	0.7506185057574691	0.007402749041765185	0.08603922966743244	0.5187220767628065	0.6571869519241411	2.9071678161621097	0.07169414159914243	0.009308973762940941	0.814073374615817	0.819879542342556	0.6559157704909298
Q13639_WT	Fold 4	66.0		0.6050045413872932	0.7043739515309675	0.8392698919483336	0.010131580621088432	0.10065575304516097	0.5924630129265062	0.6253195530536331	2.652243938446045	0.094339600799921	0.012868751556681152	0.7940961083318103	0.8068640867746987	0.631333607881688
Q13639_WT	Fold 5	65.0		0.5018835784522859	1.0188626027105885	1.0093872412065592	0.016038600536872373	0.12664359650954474	0.6870186685415414	0.5411640717881891	3.593369354248047	0.1390959352754144	0.019290382242349854	0.7408638644788583	0.7106608984590416	0.5475563804660304
Q13639_WT	Mean	65.8		0.63014688992024	0.5996535393594302	0.7581477761394764	0.00868405744039272	0.0907331685482142	0.5306503961949914	0.6446532327660235	2.744291283416748	0.07958975670856802	0.010767222937920016	0.8106935172778194	0.8006276409120158	0.6312613452400082
Q13639_WT	SD	0.3651483716701107		0.07126030963563193	0.22712438599690926	0.1439487434650398	0.0037889433706333885	0.019398229420793195	0.09527810567514487	0.060159647985704855	0.4941705036410381	0.03169551296122263	0.004495840385129428	0.040086251278872186	0.04451469330737108	0.044033767798559116
Q13639_WT	Test set	141.0		0.7314431659457137	0.37260620400800554	0.6104147802994334	0.004931380281319263	0.07022378714737096	0.47327156061483605	0.7333045850254458	1.944376754760742	0.04781577156577566	0.0062601153593935645	0.8618913156505124	0.8716562215530371	0.6949567261289488
P50406_WT	Fold 1	412.0		0.5651917079486828	0.5512325998890445	0.7424504023091674	0.00829175552639779	0.09105907712248015	0.5496023073011232	0.565204382081872	2.5517195892333984	0.07625305173487525	0.01072416815126152	0.7546192306269017	0.7266746117208013	0.5514475724481406
P50406_WT	Fold 2	412.0		0.6150848855564792	0.5004045083721427	0.7073927539720368	0.007399688120775586	0.08602143989015522	0.5248636607383061	0.6158313524572171	2.883717727661133	0.06865580440602607	0.009583283089439376	0.7879671270403152	0.7727188472196853	0.5861062321199743
P50406_WT	Fold 3	412.0		0.6554255094153301	0.42287204651186044	0.6502861266487703	0.006429995978879449	0.08018725571360731	0.48786395796062887	0.6555716963221624	2.563384780883789	0.05880293507999643	0.008315703217225537	0.8097052768677331	0.7815557808685328	0.6014820132042668
P50406_WT	Fold 4	412.0		0.5941690663211103	0.5087992456138648	0.7133016512064617	0.007732161160913934	0.08793270814045212	0.5280393913694956	0.6011031349029262	3.4951458740234376	0.0697835940241946	0.009793071766396847	0.7759972935354348	0.7721361981056484	0.5948121971074397
P50406_WT	Fold 5	412.0		0.5256934626979197	0.634975672205951	0.7968536077636538	0.01015272668008263	0.1007607397753839	0.5991894340515137	0.5406525273087419	2.8112977027893065	0.08937615456728744	0.01276356555164713	0.7376283660529275	0.7261736908819976	0.5403714034892941
P50406_WT	Mean	412.0		0.5911129263879044	0.5236568145185727	0.7220569083800179	0.00800126549340988	0.08919224412841574	0.5379117502842136	0.595672618614584	2.861053134918213	0.07257430796247595	0.010235958355194082	0.7731834588246624	0.7558518257593331	0.5748438836738231
P50406_WT	SD	0.0		0.040149136454370016	0.06333942765328371	0.043690536535034026	0.0011266743141765355	0.006192002957240211	0.033326969256780976	0.03646753910953108	0.31341042847359263	0.009207140983588975	0.00135010248206673	0.0229822862782275	0.022145247845233043	0.022251978368331326
P50406_WT	Test set	883.0		0.6436726968849574	0.4820217628599664	0.694277871503886	0.007103858815733413	0.08428439248006367	0.511089241304322	0.6438771398625129	2.8813400268554688	0.06606231744742427	0.009215360645849009	0.8027128108741726	0.7953363184672176	0.613794180223918
P20309_WT	Fold 1	178.0		0.6963561099135261	0.8377914823617165	0.9153095008584345	0.0130095581285784	0.11405944997490738	0.6937862944442235	0.6964417422535947	3.2678328514099118	0.11712997245193545	0.016910608352705078	0.8345487184548792	0.8320000988596024	0.6428539308537353
P20309_WT	Fold 2	178.0		0.6449329130750632	0.8592195648976443	0.9269409716360822	0.013044976749847913	0.11421460830317597	0.7094323100400775	0.6471895414551079	3.2199510650634764	0.11933736788993025	0.017215036182286845	0.8178947803037051	0.8283795523192913	0.6307765554220001
P20309_WT	Fold 3	177.0		0.6747736822387227	0.9192652118387451	0.9587831933439098	0.01363932472804785	0.11678751957314554	0.6764987609777072	0.6751329510677763	5.2418408203125	0.12184534439112875	0.016708246063778274	0.8231496279954411	0.825897823828184	0.6518249207733247
P20309_WT	Fold 4	177.0		0.6648167307049557	0.8461401572805778	0.9198587702906234	0.013272971797946023	0.11520838423459476	0.6954305804085597	0.6652584560712862	2.951368408203125	0.11878190433444744	0.017182226928184264	0.8171182168313416	0.8055214105922028	0.6156982888116727
P20309_WT	Fold 5	177.0		0.6690782102454875	0.9262418292696808	0.9624145828434234	0.014754276483330768	0.12146718274221548	0.700132006478175	0.6803703169072661	4.494611244201661	0.12721278029437405	0.01804228282565548	0.8258691797574758	0.8273170682857143	0.6426213044220199
P20309_WT	Mean	177.4		0.669991529235551	0.8777316491296728	0.9366614037944947	0.013544221577550192	0.11634742896560782	0.6950559904697486	0.6728786015510062	3.835120877838135	0.12086147387236319	0.017211680070521988	0.8237161046685685	0.823823190776999	0.6367550000565506
P20309_WT	SD	0.4472135954999579		0.015130031047333905	0.03419115614171249	0.01819028521398829	0.0005890620126986375	0.002499558401503578	0.009819773545808852	0.014913215147622911	0.8057146487172527	0.0032114043092117215	0.0004153050417725806	0.005769490024785825	0.008554615679766073	0.011385955404836726
P20309_WT	Test set	381.0		0.6197211805963314	0.9497708772478923	0.974561889901248	0.01414343970795798	0.11892619437263592	0.695690414128341	0.6284831103992191	5.636269989013672	0.12645694151322084	0.017336968010045934	0.7957241896612072	0.7960962021567288	0.6213749482938988
P08912_WT	Fold 1	74.0		0.520828287120251	0.5639607397928472	0.7509731951227335	0.010159512994274554	0.10079440953879612	0.5167491808710871	0.5208367094739862	2.140529048919678	0.08608394907427096	0.013368047722982609	0.7233770180602224	0.6164805547563778	0.4758199734550833
P08912_WT	Fold 2	73.0		0.17697562447652015	0.9132161526905895	0.9556234366582841	0.017489073508797467	0.13224626084996682	0.7080323877726515	0.2336638958059798	2.444658859252929	0.142464046944946	0.022770004508701126	0.5361121856821389	0.44299598973579124	0.31936012715681783
P08912_WT	Fold 3	73.0		0.33407873138139543	0.7628340234635627	0.8734037001659443	0.012855495997981062	0.11338207970389792	0.5293106633539068	0.3786918108548838	3.3852992973327645	0.11833567222178445	0.01877594128441952	0.6160075323390801	0.6529463040849857	0.5111493116787724
P08912_WT	Fold 4	73.0		0.44298118801300557	0.5247126574443018	0.7243705249693018	0.010216269984527565	0.10107556571460564	0.506464108872087	0.4759712346995325	2.523150157928466	0.0826936697237812	0.013320772508617107	0.703588319417942	0.6566699070607875	0.4868574608049762
P08912_WT	Fold 5	73.0		0.4233415256811963	0.729621060540939	0.854178588200933	0.013159187799702005	0.11471350312714718	0.6172709112297998	0.42754284170152	2.9091960334777838	0.11435593060901351	0.018222278684797113	0.6678373404747633	0.5292720177110353	0.37837840579261883
P08912_WT	Mean	73.2		0.3796410713344737	0.698868926786448	0.8317098890234392	0.012775908057056532	0.11244236378688273	0.5755654504199065	0.4073412985071805	2.6805666793823244	0.10878665371475922	0.017291408941903494	0.6493844791948293	0.5796729546697955	0.4343130557776537
P08912_WT	SD	0.3651483716701107		0.10724173640614731	0.12878443594190145	0.07706916421342094	0.002441462552236433	0.010512805012414307	0.0703096594203698	0.09035486719180962	0.3917891753434777	0.02021807782612588	0.003272208252292307	0.06150622360261941	0.07513672096701116	0.06674629802857207
P08912_WT	Test set	158.0		0.5765160764223372	0.37129603515016185	0.6093406560784878	0.007490806633167863	0.08654944617481884	0.4681210975646972	0.5800824916050034	1.7724975547790525	0.06114505756092879	0.010180325832711973	0.7653147080120092	0.6029659201919542	0.4408466895683438
